20
v12        0.0000000 0.4646395 0.6761513 0.8259222 0.5668843 0.5577076 0.6958188 0.6930654 0.5120343 0.9031000 0.9937409 0.7344866 0.6913779 0.5850952 0.5805709 0.5834896 0.6344031 0.4845221 0.4990465 0.2997661 
v15        0.4646395 0.0000000 0.6612507 0.7680328 0.4371775 0.4204240 0.6571872 0.6990581 0.6567145 0.8564685 0.9227217 0.7443613 0.6988510 0.6786225 0.6989474 0.7672511 0.7815048 0.4242550 0.4125202 0.3707427 
v19        0.6761513 0.6612507 0.0000000 0.6144290 0.7552834 0.7606137 0.3749645 0.3639842 0.8567461 0.7309245 0.7737041 0.5891517 0.5457251 0.8870014 0.9135331 0.9315472 1.0036675 0.6360829 0.6850706 0.5549560 
v21        0.8259222 0.7680328 0.6144290 0.0000000 0.8963971 0.8486906 0.5891121 0.6114340 0.8933909 0.5159058 0.5722475 0.5417373 0.5174986 1.0168556 0.9954143 0.9728072 1.0460781 0.7558297 0.7717045 0.6804484 
v22        0.5668843 0.4371775 0.7552834 0.8963971 0.0000000 0.3642791 0.7434483 0.7861860 0.7900535 0.9481166 1.0338539 0.8463212 0.7981147 0.8469613 0.9153683 0.7930910 0.8575316 0.5367545 0.5160861 0.4979868 
v23        0.5577076 0.4204240 0.7606137 0.8486906 0.3642791 0.0000000 0.7513309 0.7434366 0.7634398 0.8915807 1.0454026 0.8422837 0.7557293 0.8550059 0.8922915 0.8160115 0.8672186 0.4930940 0.5128700 0.4496242 
v24        0.6958188 0.6571872 0.3749645 0.5891121 0.7434483 0.7513309 0.0000000 0.2966502 0.8619087 0.7134881 0.7325163 0.5871781 0.5377644 0.8982291 0.8688755 0.8878065 0.9619644 0.6271619 0.6882877 0.5355173 
v25        0.6930654 0.6990581 0.3639842 0.6114340 0.7861860 0.7434366 0.2966502 0.0000000 0.8701648 0.6914982 0.7801998 0.5774799 0.5504196 0.8862513 0.9062723 0.9484758 1.0072590 0.6625713 0.6954925 0.5935219 
v28        0.5120343 0.6567145 0.8567461 0.8933909 0.7900535 0.7634398 0.8619087 0.8701648 0.0000000 1.0479690 1.0866150 0.9390289 0.8199562 0.6197429 0.6428727 0.3723937 0.3847603 0.6420911 0.6708653 0.4920782 
v30        0.9031000 0.8564685 0.7309245 0.5159058 0.9481166 0.8915807 0.7134881 0.6914982 1.0479690 0.0000000 0.4267842 0.6049533 0.5893898 1.0401912 1.1081508 1.0871800 1.1059654 0.8616620 0.8099173 0.7247588 
v31        0.9937409 0.9227217 0.7737041 0.5722475 1.0338539 1.0454026 0.7325163 0.7801998 1.0866150 0.4267842 0.0000000 0.6805569 0.6736376 1.1770876 1.1370134 1.1340672 1.1513016 0.9438731 0.9144954 0.7911496 
v32        0.7344866 0.7443613 0.5891517 0.5417373 0.8463212 0.8422837 0.5871781 0.5774799 0.9390289 0.6049533 0.6805569 0.0000000 0.3077495 0.8946957 0.9564643 1.0274144 1.0488718 0.7984834 0.7475288 0.6263650 
v33        0.6913779 0.6988510 0.5457251 0.5174986 0.7981147 0.7557293 0.5377644 0.5504196 0.8199562 0.5893898 0.6736376 0.3077495 0.0000000 0.8900619 0.9497383 0.9579039 1.0064704 0.7002753 0.7123208 0.6046061 
v34        0.5850952 0.6786225 0.8870014 1.0168556 0.8469613 0.8550059 0.8982291 0.8862513 0.6197429 1.0401912 1.1770876 0.8946957 0.8900619 0.0000000 0.3780856 0.7523886 0.7547130 0.7517372 0.7260661 0.5947450 
v35        0.5805709 0.6989474 0.9135331 0.9954143 0.9153683 0.8922915 0.8688755 0.9062723 0.6428727 1.1081508 1.1370134 0.9564643 0.9497383 0.3780856 0.0000000 0.6891561 0.7027023 0.7813582 0.7696659 0.5885924 
v36        0.5834896 0.7672511 0.9315472 0.9728072 0.7930910 0.8160115 0.8878065 0.9484758 0.3723937 1.0871800 1.1340672 1.0274144 0.9579039 0.7523886 0.6891561 0.0000000 0.3131882 0.7238815 0.7385202 0.5636581 
v37        0.6344031 0.7815048 1.0036675 1.0460781 0.8575316 0.8672186 0.9619644 1.0072590 0.3847603 1.1059654 1.1513016 1.0488718 1.0064704 0.7547130 0.7027023 0.3131882 0.0000000 0.7237368 0.7821784 0.5996696 
v38        0.4845221 0.4242550 0.6360829 0.7558297 0.5367545 0.4930940 0.6271619 0.6625713 0.6420911 0.8616620 0.9438731 0.7984834 0.7002753 0.7517372 0.7813582 0.7238815 0.7237368 0.0000000 0.3348540 0.3690345 
v39        0.4990465 0.4125202 0.6850706 0.7717045 0.5160861 0.5128700 0.6882877 0.6954925 0.6708653 0.8099173 0.9144954 0.7475288 0.7123208 0.7260661 0.7696659 0.7385202 0.7821784 0.3348540 0.0000000 0.3909956 
v7         0.2997661 0.3707427 0.5549560 0.6804484 0.4979868 0.4496242 0.5355173 0.5935219 0.4920782 0.7247588 0.7911496 0.6263650 0.6046061 0.5947450 0.5885924 0.5636581 0.5996696 0.3690345 0.3909956 0.0000000 
